0 0.294565 0.615792 0.099790 0.098950
0 0.390570 0.622108 0.094740 0.111583
0 0.485305 0.618950 0.097270 0.109467
0 0.205515 0.615792 0.080850 0.111583
0 0.868445 0.480258 0.054630 0.170583
0 0.597035 0.524208 0.027930 0.130517
0 0.733515 0.656842 0.267790 0.101050
0 0.725935 0.535783 0.245050 0.132633
0 0.948230 0.566317 0.103540 0.067367
0 0.950145 0.653683 0.094730 0.061067
0 0.766360 0.729458 0.192000 0.044250
0 0.211830 0.517892 0.106100 0.058950
0 0.372880 0.503158 0.408000 0.079983
0 0.192250 0.707367 0.097260 0.067367
0 0.304040 0.714742 0.101060 0.073683
0 0.384880 0.713683 0.048000 0.067367
0 0.466360 0.715783 0.056840 0.050533
0 0.537725 0.706317 0.080850 0.069467
0 0.054125 0.674742 0.108250 0.061050
0 0.370990 0.294733 0.391580 0.084200
0 0.693725 0.262108 0.223570 0.077883
0 0.705090 0.393675 0.251380 0.126317
0 0.379325 0.416833 0.125050 0.092633
0 0.247325 0.421050 0.131370 0.096833
0 0.422905 0.729475 0.020210 0.103150
